-0.333330000000000
-0.322832048521000
-0.312661721274000
-0.302808696961000
-0.293262976299000
-0.284014871866000
-0.275054998280000
-0.266374262662000
-0.257963855421000
-0.249815241302000
-0.241920150731000
-0.234270571423000
-0.226858740245000
-0.219677135343000
-0.212718468509000
-0.205975677778000
-0.199441920270000
-0.193110565237000
-0.186975187341000
-0.181029560130000
-0.175267649718000
-0.169683608664000
-0.164271770036000
-0.159026641661000
-0.153942900551000
-0.149015387500000
-0.144239101851000
-0.139609196419000
-0.135120972569000
-0.130769875455000
-0.126551489390000
-0.122461533371000
-0.118495856728000
-0.114650434918000
-0.110921365437000
-0.107304863860000
-0.103797260003000
-0.100394994192000
-9.709461365909999E-002
-9.389276903160000E-002
-9.078621093630000E-002
-8.777178670050000E-002
-8.484643715329999E-002
-8.200719352080001E-002
-7.925117441300000E-002
-7.657558289990000E-002
-7.397770367299999E-002
-7.145490028960000E-002
-6.900461249730000E-002
-6.662435363570000E-002
-6.431170811299999E-002
-6.206432895430000E-002
-5.987993541990000E-002
-5.775631069060000E-002
-5.569129961820000E-002
-5.368280653820000E-002
-5.172879314310000E-002
-4.982727641370000E-002
-4.797632660670000E-002
-4.617406529650000E-002
-4.441866346870000E-002
-4.270833966390000E-002
-4.104135816990000E-002
-3.941602726020000E-002
-3.783069747710000E-002
-3.628375995800000E-002
-3.477364480210000E-002
-3.329881947810000E-002
-3.185778726780000E-002
-3.044908574820000E-002
-2.907128530670000E-002
-2.772298769040000E-002
-2.640282458740000E-002
-2.510945623780000E-002
-2.384157007420000E-002
-2.259787938970000E-002
-2.137712203200000E-002
-2.017805912270000E-002
-1.899947379960000E-002
-1.784016998230000E-002
-1.669897115810000E-002
-1.557471918780000E-002
-1.446627313110000E-002
-1.337250808760000E-002
-1.229231405650000E-002
-1.122459480900000E-002
-1.016826677640000E-002
-9.122257950389999E-003
-8.085506794949999E-003
-7.056961169180000E-003
-6.035577259530000E-003
-5.020318520450000E-003
-4.010154622500000E-003
-3.004060406710000E-003
-2.001014844200000E-003
-1.000000000000000E-003
0.000000000000000E+000
1.000000000000000E-003
2.001968367040000E-003
3.005924417460000E-003
4.011887597850000E-003
5.019877486630000E-003
6.029913795760000E-003
7.042016372410000E-003
8.056205200680001E-003
9.072500403280000E-003
1.009092224330000E-002
1.111149112600000E-002
1.213422760060000E-002
1.315915236190000E-002
1.418628625240000E-002
1.521565026420000E-002
1.624726554020000E-002
1.728115337710000E-002
1.831733522620000E-002
1.935583269620000E-002
2.039666755470000E-002
2.143986173040000E-002
2.248543731500000E-002
2.353341656520000E-002
2.458382190520000E-002
2.563667592810000E-002
2.669200139860000E-002
2.774982125500000E-002
2.881015861120000E-002
2.987303675910000E-002
3.093847917080000E-002
3.200650950080000E-002
3.307715158840000E-002
3.415042945990000E-002
3.522636733110000E-002
3.630498960970000E-002
3.738632089750000E-002
3.847038599290000E-002
3.955720989380000E-002
4.064681779960000E-002
4.173923511390000E-002
4.283448744720000E-002
4.393260061960000E-002
4.503360066310000E-002
4.613751382460000E-002
4.724436656870000E-002
4.835418558000000E-002
4.946699776660000E-002
5.058283026210000E-002
5.170171042950000E-002
5.282366586310000E-002
5.394872439230000E-002
5.507691408390000E-002
5.620826324590000E-002
5.734280042980000E-002
5.848055443450000E-002
5.962155430870000E-002
6.076582935500000E-002
6.191340913230000E-002
6.306432345960000E-002
6.421860241959999E-002
6.537627636149999E-002
6.653737590479999E-002
6.770193194290000E-002
6.886997564640000E-002
7.004153846699999E-002
7.121665214090001E-002
7.239534869270001E-002
7.357766043930000E-002
7.476361999340000E-002
7.595326026740000E-002
7.714661447790000E-002
7.834371614890000E-002
7.954459911660000E-002
8.074929753310001E-002
8.195784587050001E-002
8.317027892560000E-002
8.438663182389999E-002
8.560694002410001E-002
8.683123932219999E-002
8.805956585650000E-002
8.929195611220000E-002
9.052844692560000E-002
9.176907548900000E-002
9.301387935570000E-002
9.426289644490000E-002
9.551616504610000E-002
9.677372382500000E-002
9.803561182770000E-002
9.930186848649999E-002
0.100572533625000
0.101847647464000
0.103127250624000
0.104411384137000
0.105700089445000
0.106993408409000
0.108291383317000
0.109594056886000
0.110901472269000
0.112213673062000
0.113530703311000
0.114852607515000
0.116179430637000
0.117511218104000
0.118848015822000
0.120189870174000
0.121536828034000
0.122888936770000
0.124246244251000
0.125608798856000
0.126976649479000
0.128349845539000
0.129728436987000
0.131112474309000
0.132502008543000
0.133897091277000
0.135297774663000
0.136704111424000
0.138116154862000
0.139533958866000
0.140957577921000
0.142387067116000
0.143822482155000
0.145263879365000
0.146711315702000
0.148164848767000
0.149624536808000
0.151090438737000
0.152562614133000
0.154041123258000
0.155526027063000
0.157017387201000
0.158515266035000
0.160019726651000
0.161530832868000
0.163048649252000
0.164573241120000
0.166104674559000
0.167643016437000
0.169188334409000
0.170740696935000
0.172300173293000
0.173866833586000
0.175440748759000
0.177021990614000
0.178610631817000
0.180206745919000
0.181810407363000
0.183421691503000
0.185040674618000
0.186667433923000
0.188302047589000
0.189944594753000
0.191595155540000
0.193253811070000
0.194920643485000
0.196595735954000
0.198279172699000
0.199971039007000
0.201671421251000
0.203380406902000
0.205098084553000
0.206824543936000
0.208559875938000
0.210304172623000
0.212057527251000
0.213820034298000
0.215591789475000
0.217372889750000
0.219163433371000
0.220963519883000
0.222773250154000
0.224592726396000
0.226422052188000
0.228261332499000
0.230110673713000
0.231970183654000
0.233839971608000
0.235720148350000
0.237610826171000
0.239512118903000
0.241424141947000
0.243347012301000
0.245280848585000
0.247225771073000
0.249181901724000
0.251149364206000
0.253128283932000
0.255118788089000
0.257121005672000
0.259135067513000
0.261161106317000
0.263199256698000
0.265249655208000
0.267312440379000
0.269387752757000
0.271475734935000
0.273576531599000
0.275690289562000
0.277817157802000
0.279957287508000
0.282110832117000
0.284277947361000
0.286458791305000
0.288653524394000
0.290862309501000
0.293085311970000
0.295322699666000
0.297574643019000
0.299841315083000
0.302122891576000
0.304419550941000
0.306731474395000
0.309058845984000
0.311401852641000
0.313760684241000
0.316135533661000
0.318526596838000
0.320934072836000
0.323358163901000
0.325799075532000
0.328257016546000
0.330732199141000
0.333224838973000
0.335735155220000
0.338263370659000
0.340809711741000
0.343374408663000
0.345957695453000
0.348559810045000
0.351180994364000
0.353821494410000
0.356481560345000
0.359161446581000
0.361861411874000
0.364581719413000
0.367322636920000
0.370084436746000
0.372867395974000
0.375671796523000
0.378497925251000
0.381346074068000
0.384216540046000
0.387109625537000
0.390025638288000
0.392964891565000
0.395927704274000
0.398914401097000
0.401925312614000
0.404960775445000
0.408021132388000
0.411106732560000
0.414217931545000
0.417355091545000
0.420518581537000
0.423708777428000
0.426926062226000
0.430170826202000
0.433443467069000
0.436744390156000
0.440074008599000
0.443432743521000
0.446821024236000
0.450239288442000
0.453687982432000
0.457167561306000
0.460678489188000
0.464221239453000
0.467796294960000
0.471404148290000
0.475045301991000
0.478720268836000
0.482429572083000
0.486173745743000
0.489953334864000
0.493768895811000
0.497620996568000
0.501510217039000
0.505437149367000
0.509402398257000
0.513406581312000
0.517450329379000
0.521534286909000
0.525659112322000
0.529825478393000
0.534034072642000
0.538285597744000
0.542580771949000
0.546920329514000
0.551305021156000
0.555735614514000
0.560212894630000
0.564737664447000
0.569310745321000
0.573932977553000
0.578605220939000
0.583328355342000
0.588103281277000
0.592930920526000
0.597812216768000
0.602748136232000
0.607739668381000
0.612787826608000
0.617893648973000
0.623058198950000
0.628282566219000
0.633567867472000
0.638915247261000
0.644325878870000
0.649800965225000
0.655341739835000
0.660949467775000
0.666625446697000
0.672371007893000
0.678187517387000
0.684076377081000
0.690039025937000
0.696076941217000
0.702191639759000
0.708384679318000
0.714657659953000
0.721012225478000
0.727450064961000
0.733972914301000
0.740582557861000
0.747280830169000
0.754069617700000
0.760950860722000
0.767926555235000
0.774998754984000
0.782169573563000
0.789441186614000
0.796815834121000
0.804295822806000
0.811883528639000
0.819581399451000
0.827391957677000
0.835317803219000
0.843361616446000
0.851526161330000
0.859814288736000
0.868228939859000
0.876773149838000
0.885450051536000
0.894262879504000
0.903214974143000
0.912309786074000
0.921550880717000
0.930941943112000
0.940486782979000
0.950189340033000
0.960053689582000
0.970084048409000
0.980284780972000
0.990660405919000
1.00121560297000
1.01195522014000
1.02269483731000
1.03343445448000
1.04417407166000
1.05491368883000
1.06565330600000
1.07639292317000
1.08713254035000
1.09787215752000
1.10861177469000
1.11935139186000
1.13009100904000
1.14083062621000
1.15157024338000
1.16230986055000
1.17304947773000
1.18378909490000
1.19452871207000
1.20526832924000
1.21600794641000
1.22674756359000
1.23748718076000
1.24822679793000
1.25896641510000
1.26970603228000
1.28044564945000
1.29118526662000
1.30192488379000
1.31266450097000
1.32340411814000
1.33414373531000
1.34488335248000
1.35562296966000
1.36636258683000
1.37710220400000
1.38784182117000
1.39858143835000
1.40932105552000
1.42006067269000
1.43080028986000
1.44153990704000
1.45227952421000
1.46301914138000
1.47375875855000
1.48449837572000
1.49523799290000
1.50597761007000
1.51671722724000
1.52745684441000
1.53819646159000
1.54893607876000
1.55967569593000
1.57041531310000
1.58115493028000
1.59189454745000
1.60263416462000
1.61337378179000
1.62411339897000
1.63485301614000
1.64559263331000
1.65633225048000
1.66707186766000
1.67781148483000
1.68855110200000
1.69929071917000
1.71003033635000
1.72076995352000
1.73150957069000
1.74224918786000
1.75298880503000
1.76372842221000
1.77446803938000
1.78520765655000
1.79594727372000
1.80668689090000
1.81742650807000
1.82816612524000
1.83890574241000
1.84964535959000
1.86038497676000
1.87112459393000
1.88186421110000
1.89260382828000
1.90334344545000
1.91408306262000
1.92482267979000
1.93556229697000
1.94630191414000
1.95704153131000
1.96778114848000
1.97852076566000
1.98926038283000
2.00000000000000
