0.000000000000000E+000
5.000000000700001E-007
1.000465155170000E-006
1.501861053300000E-006
2.004654148010000E-006
2.509312192700000E-006
3.016304676250000E-006
3.526103258930000E-006
4.039182211370000E-006
4.556018856180000E-006
5.077094011650000E-006
5.602892439560000E-006
6.133903295290000E-006
6.670620583900000E-006
7.213543618660000E-006
7.763177486630001E-006
8.320033517920000E-006
8.884629761010000E-006
9.457491465750000E-006
1.003915157140000E-005
1.063015120170000E-005
1.123104017030000E-005
1.184237748970000E-005
1.246473189400000E-005
1.309868236520000E-005
1.374481867410000E-005
1.440374192810000E-005
1.507606512960000E-005
1.576241374850000E-005
1.646342630160000E-005
1.717975494800000E-005
1.791206609520000E-005
1.866104102040000E-005
1.942737650220000E-005
2.021178547020000E-005
2.101499766830000E-005
2.183776033290000E-005
2.268083888860000E-005
2.354501765980000E-005
2.443110060100000E-005
2.533991204400000E-005
2.627229746550000E-005
2.722912427310000E-005
2.821128261270000E-005
2.921968619570000E-005
3.025527315080000E-005
3.131900689500000E-005
3.241187703030000E-005
3.353490026510000E-005
3.468912135960000E-005
3.587561409720000E-005
3.709548228410000E-005
3.834986077680000E-005
3.963991653540000E-005
4.096684971230000E-005
4.233189476730000E-005
4.373632161530000E-005
4.518143680920000E-005
4.666858475400000E-005
4.819914895910000E-005
4.977455332370000E-005
5.139626346250000E-005
5.306578806910000E-005
5.478468031920000E-005
5.655453931560000E-005
5.837701157670000E-005
6.025379256650000E-005
6.218662827350000E-005
6.417731683460000E-005
6.622771020790001E-005
6.833971589490000E-005
7.051529871619999E-005
7.275648263860000E-005
7.506535265820001E-005
7.744405674080001E-005
7.989480781840000E-005
8.241988585000000E-005
8.502163994170000E-005
8.770249053120000E-005
9.046493164200000E-005
9.331153320070000E-005
9.624494342959999E-005
9.926789131030000E-005
1.023831891220000E-004
1.055937350580000E-004
1.089025159220000E-004
1.123126099070000E-004
1.158271894570000E-004
1.194495242230000E-004
1.231829840980000E-004
1.270310423590000E-004
1.309972788930000E-004
1.350853835310000E-004
1.392991594780000E-004
1.436425268530000E-004
1.481195263340000E-004
1.527343229210000E-004
1.574912098050000E-004
1.623946123670000E-004
1.674490922920000E-004
1.726593518140000E-004
1.780302380900000E-004
1.835667477120000E-004
1.892740313500000E-004
1.951573985490000E-004
2.012223226650000E-004
2.074744459580000E-004
2.139195848430000E-004
2.205637352980000E-004
2.274130784440000E-004
2.344739862950000E-004
2.417530276850000E-004
2.492569743810000E-004
2.569928073810000E-004
2.649677234090000E-004
2.731891416100000E-004
2.816647104540000E-004
2.904023148490000E-004
2.994100834780000E-004
3.086963963590000E-004
3.182698926430000E-004
3.281394786530000E-004
3.383143361640000E-004
3.488039309500000E-004
3.596180215890000E-004
3.707666685380000E-004
3.822602434980000E-004
3.941094390590000E-004
4.063252786470000E-004
4.189191267840000E-004
4.319026996540000E-004
4.452880760080000E-004
4.590877083970000E-004
4.733144347600000E-004
4.879814903670000E-004
5.031025201270000E-004
5.186915912900000E-004
5.347632065270000E-004
5.513323174250000E-004
5.684143383980000E-004
5.860251610220000E-004
6.041811688280000E-004
6.228992525320000E-004
6.421968257600000E-004
6.620918412410000E-004
6.826028075090000E-004
7.037488061270000E-004
7.255495094310000E-004
7.480251988399999E-004
7.711967837150000E-004
7.950858208180000E-004
8.197145343640000E-004
8.451058366950000E-004
8.712833496010000E-004
8.982714262870000E-004
9.260951740360000E-004
9.547804775650000E-004
9.843540231030000E-004
1.014843323220000E-003
1.046276742430000E-003
1.078683523550000E-003
1.112093814950000E-003
1.146538698560000E-003
1.182050218810000E-003
1.218661412420000E-003
1.256406339170000E-003
1.295320113540000E-003
1.335438937410000E-003
1.376800133740000E-003
1.419442181270000E-003
1.463404750320000E-003
1.508728739730000E-003
1.555456314860000E-003
1.603630946860000E-003
1.653297453070000E-003
1.704502038750000E-003
1.757292340050000E-003
1.811717468330000E-003
1.867828055830000E-003
1.925676302810000E-003
1.985316026090000E-003
2.046802709090000E-003
2.110193553520000E-003
2.175547532520000E-003
2.242925445560000E-003
2.312389975000000E-003
2.384005744410000E-003
2.457839378660000E-003
2.533959565930000E-003
2.612437121620000E-003
2.693345054180000E-003
2.776758633100000E-003
2.862755458880000E-003
2.951415535240000E-003
3.042821343560000E-003
3.137057919580000E-003
3.234212932560000E-003
3.334376766800000E-003
3.437642605720000E-003
3.544106518600000E-003
3.653867549900000E-003
3.767027811420000E-003
3.883692577310000E-003
4.003970381980000E-003
4.127973121110000E-003
4.255816155710000E-003
4.387618419460000E-003
4.523502529340000E-003
4.663594899730000E-003
4.808025859980000E-003
4.956929775700000E-003
5.110445173720000E-003
5.268714870960000E-003
5.431886107350000E-003
5.600110682750000E-003
5.773545098190000E-003
5.952350701480000E-003
6.136693837300000E-003
6.326746001950000E-003
6.522684002880000E-003
6.724690123220000E-003
6.932952291330000E-003
7.147664255610000E-003
7.369025764800000E-003
7.597242753770000E-003
7.832527535100000E-003
8.075098996630000E-003
8.325182805070001E-003
8.583011615910000E-003
8.848825289949999E-003
9.122871116340000E-003
9.405404042710000E-003
9.696686912329999E-003
9.996990708610000E-003
1.030659480720000E-002
1.062578723610000E-002
1.095486494310000E-002
1.129413407260000E-002
1.164391025010000E-002
1.200451887610000E-002
1.237629542830000E-002
1.275958577420000E-002
1.315474649290000E-002
1.356214520630000E-002
1.398216092160000E-002
1.441518438380000E-002
1.486161843890000E-002
1.532187840910000E-002
1.579639247890000E-002
1.628560209370000E-002
1.678996237010000E-002
1.730994251960000E-002
1.784602628510000E-002
1.839871239070000E-002
1.896851500600000E-002
1.955596422410000E-002
2.016160655500000E-002
2.078600543400000E-002
2.142974174580000E-002
2.209341436470000E-002
2.277764071210000E-002
2.348305733090000E-002
2.421032047730000E-002
2.496010673150000E-002
2.573311362750000E-002
2.653006030130000E-002
2.735168816070000E-002
2.819876157430000E-002
2.907206858320000E-002
2.997242163380000E-002
3.090065833380000E-002
3.185764223110000E-002
3.284426361770000E-002
3.386144035760000E-002
3.491011874050000E-002
3.599127436270000E-002
3.710591303420000E-002
3.825507171490000E-002
3.943981947870000E-002
4.066125850850000E-002
4.192052512150000E-002
4.321879082630000E-002
4.455726341280000E-002
4.593718807550000E-002
4.735984857250000E-002
4.882656841930000E-002
5.033871212040000E-002
5.189768643850000E-002
5.350494170310000E-002
5.516197316040000E-002
5.687032236360000E-002
5.863157860730000E-002
6.044738040610000E-002
6.231941701900000E-002
6.424943002080000E-002
6.623921492220000E-002
6.829062284030001E-002
7.040556222090000E-002
7.258600061360000E-002
7.483396650250000E-002
7.715155119320000E-002
7.954091075830000E-002
8.200426804340000E-002
8.454391473490000E-002
8.716221349190000E-002
8.986160014450000E-002
9.264458595970000E-002
9.551375997740000E-002
9.847179141949999E-002
0.101521432173000
0.104665519349000
0.107906977925000
0.111248823462000
0.114694164914000
0.118246207516000
0.121908255770000
0.125683716517000
0.129576102107000
0.133589033665000
0.137726244463000
0.141991583389000
0.146389018533000
0.150922640873000
0.155596668084000
0.160415448461000
0.165383464965000
0.170505339392000
0.175785836674000
0.181229869311000
0.186842501943000
0.192628956059000
0.198594614856000
0.204745028248000
0.211085918026000
0.217623183185000
0.224362905409000
0.231311354732000
0.238474995365000
0.245860491716000
0.253474714589000
0.261324747573000
0.269417893633000
0.277761681905000
0.286363874701000
0.295232474728000
0.304375732536000
0.313802154189000
0.323520509186000
0.333539838609000
0.343869463544000
0.354518993745000
0.365498336580000
0.376817706242000
0.388487633257000
0.400518974277000
0.412922922181000
0.425711016489000
0.438895154093000
0.452487600333000
0.466501000400000
0.480948391101000
0.495843212993000
0.511199322880000
0.527031006707000
0.543352992852000
0.560180465823000
0.577529080392000
0.595414976150000
0.613854792530000
0.632865684279000
0.652465337425000
0.672671985724000
0.693504427628000
0.714982043769000
0.737124814992000
0.759953340944000
0.783488859235000
0.807753265197000
0.832769132255000
0.858559732924000
0.885149060463000
0.912561851195000
0.940823607519000
0.969960621633000
1.00000000000000
